
1657599967.095573500
1657599967.095573500
1657599967.111195400
0.015621900
1657599967.126815200
0.015619800
1657599967.142437300
0.015622100
1657599967.158057800
0.015620500
1657599967.173680600
0.015622800
1657599967.189299800
0.015619200
1657599967.204921600
0.015621800
1657599967.220544100
0.015622500
1657599967.236164200
0.015620100
1657599967.251785300
0.015621100
1657599967.267407700
0.015622400
1657599967.283029900
0.015622200
1657599967.298662600
0.015632700
1657599967.314270500
0.015607900
1657599967.329893800
0.015623300
1657599967.345516800
0.015623000
1657599967.361139200
0.015622400
1657599967.376757500
0.015618300
1657599967.392377300
0.015619800
1657599967.407998200
0.015620900
1657599967.423620200
0.015622000
1657599967.439241500
0.015621300
1657599967.454866700
0.015625200
1657599967.470485500
0.015618800
1657599967.486107700
0.015622200
1657599967.501730500
0.015622800
1657599967.517348800
0.015618300
1657599967.532969300
0.015620500
1657599967.548590000
0.015620700
1657599967.564233400
0.015643400
1657599967.579833000
0.015599600
1657599967.595456100
0.015623100
1657599967.611076200
0.015620100
1657599967.626699000
0.015622800
1657599967.642322700
0.015623700
1657599967.657939700
0.015617000
1657599967.673561300
0.015621600
1657599967.689184600
0.015623300
1657599967.704804800
0.015620200
1657599967.720425100
0.015620300
1657599967.736046000
0.015620900
1657599967.751670300
0.015624300
1657599967.767288900
0.015618600
1657599967.782910000
0.015621100
1657599967.798531900
0.015621900
1657599967.814153400
0.015621500
1657599967.829774700
0.015621300
1657599967.845397300
0.015622600
1657599967.861019100
0.015621800
1657599967.876638300
0.015619200
1657599967.892270500
0.015632200
1657599967.907881300
0.015610800
1657599967.923502100
0.015620800
1657599967.939124300
0.015622200
1657599967.954745100
0.015620800
1657599967.970367000
0.015621900
1657599967.985988300
0.015621300
1657599968.001610700
0.984377600
1657599968.017230400
0.015619700
1657599968.032851400
0.015621000
1657599968.048473800
0.015622400
1657599968.064096400
0.015622600
1657599968.079717700
0.015621300
1657599968.095338900
0.015621200
1657599968.110957900
0.015619000
1657599968.126580200
0.015622300
1657599968.142203100
0.015622900
1657599968.157824100
0.015621000
1657599968.173445100
0.015621000
1657599968.189065700
0.015620600
1657599968.204686300
0.015620600
1657599968.220312600
0.015626300
1657599968.235930700
0.015618100
1657599968.251550300
0.015619600
1657599968.267172400
0.015622100
1657599968.282792900
0.015620500
1657599968.298416400
0.015623500
1657599968.314038300
0.015621900
1657599968.329659200
0.015620900
1657599968.345278700
0.015619500
1657599968.360901500
0.015622800
1657599968.376521900
0.015620400
1657599968.392142900
0.015621000
1657599968.407767400
0.015624500
1657599968.423384900
0.015617500
1657599968.439006000
0.015621100
1657599968.454627700
0.015621700
1657599968.470248400
0.015620700
1657599968.485877600
0.015629200
1657599968.501491300
0.015613700
1657599968.517112300
0.015621000
1657599968.532735100
0.015622800
1657599968.548356300
0.015621200
1657599968.563979700
0.015623400
1657599968.579597900
0.015618200
1657599968.595219200
0.015621300
1657599968.610840600
0.015621400
1657599968.626462500
0.015621900
1657599968.642086300
0.015623800
1657599968.657704600
0.015618300
1657599968.673326900
0.015622300
1657599968.688947600
0.015620700
1657599968.704569700
0.015622100
1657599968.720190700
0.015621000
1657599968.735810900
0.015620200
1657599968.751432700
0.015621800
1657599968.767053800
0.015621100
1657599968.782675400
0.015621600
1657599968.798296700
0.015621300
1657599968.813918100
0.015621400
1657599968.829540800
0.015622700
1657599968.845160400
0.015619600
1657599968.860782300
0.015621900
1657599968.876403400
0.015621100
1657599968.892024500
0.015621100
1657599968.907647600
0.015623100
1657599968.923267300
0.015619700
1657599968.938889400
0.015622100
1657599968.954509600
0.015620200
1657599968.970131200
0.015621600
1657599968.985752800
0.015621600
1657599969.001374600
0.984378200
1657599969.016995500
0.015620900
1657599969.032617500
0.015622000
1657599969.048241500
0.015624000
1657599969.063859100
0.015617600
1657599969.079483500
0.015624400
1657599969.095102800
0.015619300
1657599969.110724500
0.015621700
1657599969.126348000
0.015623500
1657599969.141965900
0.015617900
1657599969.157588300
0.015622400
1657599969.173208100
0.015619800
1657599969.188829900
0.015621800
1657599969.204453800
0.015623900
1657599969.220073300
0.015619500
1657599969.235695600
0.015622300
1657599969.251315900
0.015620300
1657599969.266938700
0.015622800
1657599969.282558000
0.015619300
1657599969.298179600
0.015621600
1657599969.313801100
0.015621500
1657599969.329422700
0.015621600
1657599969.345044000
0.015621300
1657599969.360667800
0.015623800
1657599969.376286700
0.015618900
1657599969.391908200
0.015621500
1657599969.407528100
0.015619900
1657599969.423150900
0.015622800
1657599969.438771200
0.015620300
1657599969.454392500
0.015621300
1657599969.470014500
0.015622000
1657599969.485635200
0.015620700
1657599969.501256500
0.015621300
1657599969.516880600
0.015624100
1657599969.532501000
0.015620400
1657599969.548120300
0.015619300
1657599969.563742100
0.015621800
1657599969.579363500
0.015621400
1657599969.594988700
0.015625200
1657599969.610606300
0.015617600
1657599969.626226800
0.015620500
1657599969.641848600
0.015621800
1657599969.657470600
0.015622000
1657599969.673091100
0.015620500
1657599969.688712800
0.015621700
1657599969.704335500
0.015622700
1657599969.766880100
0.062544600
1657599969.782498800
0.015618700
1657599969.798125100
0.015626300
1657599969.813728500
0.015603400
1657599969.829303700
0.015575200
1657599969.844926900
0.015623200
1657599969.860547000
0.015620100
1657599969.876171900
0.015624900
1657599969.891789900
0.015618000
1657599969.907416400
0.015626500
1657599969.923034100
0.015617700
1657599969.938656100
0.015622000
1657599969.954274600
0.015618500
1657599969.969896200
0.015621600
1657599969.985520800
0.015624600
1657599970.001139100
0.984381700
1657599970.016760100
0.015621000
1657599970.032383900
0.015623800
1657599970.048004300
0.015620400
1657599970.063625800
0.015621500
1657599970.079245100
0.015619300
1657599970.094869100
0.015624000
1657599970.110488500
0.015619400
1657599970.126114800
0.015626300
1657599970.141734800
0.015620000
1657599970.157352200
0.015617400
1657599970.172973400
0.015621200
1657599970.188597300
0.015623900
1657599970.204216200
0.015618900
1657599970.219838200
0.015622000
1657599970.235458900
0.015620700
1657599970.251079800
0.015620900
1657599970.266701700
0.015621900
1657599970.282323900
0.015622200
1657599970.297946200
0.015622300
1657599970.313565200
0.015619000
1657599970.329189500
0.015624300
1657599970.344807900
0.015618400
1657599970.360435200
0.015627300
1657599970.376051100
0.015615900
1657599970.391675300
0.015624200
1657599970.407293700
0.015618400
1657599970.422918300
0.015624600
1657599970.438539600
0.015621300
1657599970.454157500
0.015617900
1657599970.469778400
0.015620900
1657599970.485399900
0.015621500
1657599970.501021100
0.015621200
1657599970.516643600
0.015622500
1657599970.532265600
0.015622000
1657599970.547885800
0.015620200
1657599970.563506700
0.015620900
1657599970.579127200
0.015620500
1657599970.594749100
0.015621900
1657599970.610372800
0.015623700
1657599970.625991500
0.015618700
1657599970.641615000
0.015623500
1657599970.657234500
0.015619500
1657599970.672855100
0.015620600
1657599970.688477500
0.015622400
1657599970.704101700
0.015624200
1657599970.719726100
0.015624400
1657599970.735341200
0.015615100
1657599970.750963200
0.015622000
1657599970.766584000
0.015620800
1657599970.782207800
0.015623800
1657599970.797826600
0.015618800
1657599970.813447300
0.015620700
1657599970.829071400
0.015624100
1657599970.844694000
0.015622600
1657599970.860311300
0.015617300
1657599970.875933000
0.015621700
1657599970.891556000
0.015623000
1657599970.907175400
0.015619400
1657599970.922799500
0.015624100
1657599970.938420000
0.015620500
1657599970.954040600
0.015620600
1657599970.969661000
0.015620400
1657599970.985285400
0.015624400
1657599971.000905700
0.984379700
1657599971.016527000
0.015621300
1657599971.032149900
0.015622900
1657599971.047773400
0.015623500
1657599971.063391000
0.015617600
1657599971.079010400
0.015619400
1657599971.094633900
0.015623500
1657599971.110257900
0.015624000
1657599971.125881100
0.015623200
1657599971.141496100
0.015615000
1657599971.157119500
0.015623400
1657599971.172738800
0.015619300
1657599971.188362800
0.015624000
1657599971.203986300
0.015623500
1657599971.219602300
0.015616000
1657599971.235225100
0.015622800
1657599971.250846900
0.015621800
1657599971.266468900
0.015622000
1657599971.282087600
0.015618700
1657599971.297708600
0.015621000
1657599971.313331200
0.015622600
1657599971.328951800
0.015620600
1657599971.344574400
0.015622600
1657599971.360194100
0.015619700
1657599971.375816900
0.015622800
1657599971.391436600
0.015619700
1657599971.407058300
0.015621700
1657599971.422680100
0.015621800
1657599971.438300400
0.015620300
1657599971.453923100
0.015622700
1657599971.469544100
0.015621000
1657599971.485164500
0.015620400
1657599971.500787400
0.015622900
1657599971.516408100
0.015620700
1657599971.532029800
0.015621700
1657599971.547651200
0.015621400
1657599971.563271300
0.015620100
1657599971.578893200
0.015621900
1657599971.594513600
0.015620400
1657599971.610135100
0.015621500
1657599971.625756400
0.015621300
1657599971.641379000
0.015622600
1657599971.656999600
0.015620600
1657599971.672621400
0.015621800
1657599971.688244800
0.015623400
1657599971.703863500
0.015618700
1657599971.719485400
0.015621900
1657599971.735108400
0.015623000
1657599971.750727200
0.015618800
1657599971.766349300
0.015622100
1657599971.781981300
0.015632000
1657599971.797593200
0.015611900
1657599971.813212800
0.015619600
1657599971.828836100
0.015623300
1657599971.844455500
0.015619400
1657599971.860077300
0.015621800
1657599971.875698900
0.015621600
1657599971.891318900
0.015620000
1657599971.906944400
0.015625500
1657599971.922562400
0.015618000
1657599971.938184000
0.015621600
1657599971.953804600
0.015620600
1657599971.969428100
0.015623500
1657599971.985047700
0.015619600
1657599972.000670600
0.984377100
1657599972.016289900
0.015619300
1657599972.031911100
0.015621200
1657599972.047533300
0.015622200
1657599972.063155100
0.015621800
1657599972.078776500
0.015621400
1657599972.094397200
0.015620700
1657599972.110021000
0.015623800
1657599972.125643300
0.015622300
1657599972.141261100
0.015617800
1657599972.156883300
0.015622200
1657599972.172503300
0.015620000
1657599972.188129700
0.015626400
1657599972.203745700
0.015616000
1657599972.219367800
0.015622100
1657599972.234988300
0.015620500
1657599972.250610700
0.015622400
1657599972.266230800
0.015620100
1657599972.281853900
0.015623100
1657599972.297473500
0.015619600
1657599972.313095800
0.015622300
1657599972.328717000
0.015621200
1657599972.344338300
0.015621300
1657599972.359959100
0.015620800
1657599972.375582900
0.015623800
1657599972.391205300
0.015622400
1657599972.406824800
0.015619500
1657599972.422444000
0.015619200
1657599972.438065600
0.015621600
1657599972.453687600
0.015622000
1657599972.469309100
0.015621500
1657599972.484930300
0.015621200
1657599972.500553000
0.015622700
1657599972.516172300
0.015619300
1657599972.531793400
0.015621100
1657599972.547415700
0.015622300
1657599972.563038200
0.015622500
1657599972.578657600
0.015619400
1657599972.594278900
0.015621300
1657599972.609900400
0.015621500
1657599972.625523900
0.015623500
1657599972.641143300
0.015619400
1657599972.656765100
0.015621800
1657599972.672387200
0.015622100
1657599972.688007200
0.015620000
1657599972.703628100
0.015620900
1657599972.719250100
0.015622000
1657599972.734871000
0.015620900
1657599972.750492900
0.015621900
1657599972.766115000
0.015622100
1657599972.781734800
0.015619800
1657599972.797357500
0.015622700
1657599972.812977700
0.015620200
1657599972.828599200
0.015621500
1657599972.844222900
0.015623700
1657599972.859841900
0.015619000
1657599972.875462800
0.015620900
1657599972.891084200
0.015621400
1657599972.906706400
0.015622200
1657599972.922327400
0.015621000
1657599972.937948200
0.015620800
1657599972.953570500
0.015622300
1657599972.969191500
0.015621000
1657599972.984812300
0.015620800
1657599973.000433400
0.984378900
1657599973.016056900
0.015623500
1657599973.031676500
0.015619600
1657599973.047298600
0.015622100
1657599973.062919300
0.015620700
1657599973.078539900
0.015620600
1657599973.094162000
0.015622100
1657599973.109783200
0.015621200
1657599973.125406300
0.015623100
1657599973.141027100
0.015620800
1657599973.156646700
0.015619600
1657599973.172268100
0.015621400
1657599973.187890900
0.015622800
1657599973.203511400
0.015620500
1657599973.219132200
0.015620800
1657599973.234755800
0.015623600
1657599973.250374900
0.015619100
1657599973.265995800
0.015620900
1657599973.281618000
0.015622200
1657599973.297239100
0.015621100
1657599973.312860400
0.015621300
1657599973.328481500
0.015621100
1657599973.344103600
0.015622100
1657599973.359723500
0.015619900
1657599973.375346000
0.015622500
1657599973.390966600
0.015620600
1657599973.406588700
0.015622100
1657599973.422209500
0.015620800
1657599973.437830400
0.015620900
1657599973.453452100
0.015621700
1657599973.469073600
0.015621500
1657599973.484695000
0.015621400
1657599973.500317400
0.015622400
1657599973.515937100
0.015619700
1657599973.531558200
0.015621100
1657599973.547180300
0.015622100
1657599973.562803900
0.015623600
1657599973.578422500
0.015618600
1657599973.594043900
0.015621400
1657599973.609665200
0.015621300
1657599973.625289500
0.015624300
1657599973.640908100
0.015618600
1657599973.656529900
0.015621800
1657599973.672152600
0.015622700
1657599973.687773900
0.015621300
1657599973.703393400
0.015619500
1657599973.719014500
0.015621100
1657599973.734636100
0.015621600
1657599973.750258900
0.015622800
1657599973.765878800
0.015619900
1657599973.781500100
0.015621300
1657599973.797121500
0.015621400
1657599973.812742500
0.015621000
1657599973.828363600
0.015621100
1657599973.843987100
0.015623500
1657599973.859606100
0.015619000
1657599973.875227700
0.015621600
1657599973.890849300
0.015621600
1657599973.906470000
0.015620700
1657599973.922094800
0.015624800
1657599973.937720400
0.015625600
1657599973.953334500
0.015614100
1657599973.968956200
0.015621700
1657599973.984577600
0.015621400
1657599974.000201200
0.984376400
1657599974.015821100
0.015619900
1657599974.031441200
0.015620100
1657599974.047063100
0.015621900
1657599974.062683800
0.015620700
1657599974.078307800
0.015624000
1657599974.093928400
0.015620600
1657599974.109548200
0.015619800
1657599974.125171000
0.015622800
1657599974.140795700
0.015624700
1657599974.156412000
0.015616300
1657599974.172034100
0.015622100
1657599974.187655200
0.015621100
1657599974.203276800
0.015621600
1657599974.218897400
0.015620600
1657599974.234518400
0.015621000
1657599974.250139700
0.015621300
1657599974.265761600
0.015621900
1657599974.281382400
0.015620800
1657599974.297004300
0.015621900
1657599974.312626100
0.015621800
1657599974.328248200
0.015622100
1657599974.343868700
0.015620500
1657599974.359488900
0.015620200
1657599974.375111500
0.015622600
1657599974.390732400
0.015620900
1657599974.406353600
0.015621200
1657599974.421974400
0.015620800
1657599974.437595800
0.015621400
1657599974.453217000
0.015621200
1657599974.468838000
0.015621000
1657599974.484459700
0.015621700
1657599974.500081900
0.015622200
1657599974.515702500
0.015620600
1657599974.531323000
0.015620500
1657599974.546945200
0.015622200
1657599974.562567000
0.015621800
1657599974.578190000
0.015623000
1657599974.593808500
0.015618500
1657599974.609430100
0.015621600
1657599974.625054400
0.015624300
1657599974.640672800
0.015618400
1657599974.656295700
0.015622900
1657599974.671917800
0.015622100
1657599974.687538800
0.015621000
1657599974.703160800
0.015622000
1657599974.718779200
0.015618400
1657599974.734401900
0.015622700
1657599974.750022900
0.015621000
1657599974.765643700
0.015620800
1657599974.781265500
0.015621800
1657599974.796886000
0.015620500
1657599974.812507300
0.015621300
1657599974.828129200
0.015621900
1657599974.843749900
0.015620700
1657599974.859370800
0.015620900
1657599974.874994200
0.015623400
1657599974.890614000
0.015619800
1657599974.906235000
0.015621000
1657599974.921857500
0.015622500
1657599974.937481600
0.015624100
1657599974.953099200
0.015617600
1657599974.968720300
0.015621100
1657599974.984342000
0.015621700
1657599974.999962700
0.015620700
1657599975.015584800
0.984377900
1657599975.031205900
0.015621100
1657599975.046830100
0.015624200
1657599975.062448600
0.015618500
1657599975.078070700
0.015622100
1657599975.093691200
0.015620500
1657599975.109313300
0.015622100
1657599975.124933600
0.015620300
1657599975.140556700
0.015623100
1657599975.156177100
0.015620400
1657599975.234288600
0.078111500
1657599975.249908500
0.015619900
1657599975.265532400
0.015623900
1657599975.281150600
0.015618200
1657599975.296772400
0.015621800
1657599975.312390900
0.015618500
1657599975.328012000
0.015621100
1657599975.343634300
0.015622300
1657599975.359253700
0.015619400
1657599975.374878700
0.015625000
1657599975.390497800
0.015619100
1657599975.406122300
0.015624500
1657599975.421739900
0.015617600
1657599975.437362900
0.015623000
1657599975.452981500
0.015618600
1657599975.468605300
0.015623800
1657599975.484224000
0.015618700
1657599975.499845900
0.015621900
1657599975.515466800
0.015620900
1657599975.531092900
0.015626100
1657599975.546712900
0.015620000
1657599975.562332600
0.015619700
1657599975.577952200
0.015619600
1657599975.593575200
0.015623000
1657599975.609194700
0.015619500
1657599975.624816100
0.015621400
1657599975.640437300
0.015621200
1657599975.656058700
0.015621400
1657599975.671682100
0.015623400
1657599975.687303200
0.015621100
1657599975.702926500
0.015623300
1657599975.718546600
0.015620100
1657599975.734165200
0.015618600
1657599975.749787100
0.015621900
1657599975.765409400
0.015622300
1657599975.781030400
0.015621000
1657599975.796655600
0.015625200
1657599975.812271600
0.015616000
1657599975.827894200
0.015622600
1657599975.843514500
0.015620300
1657599975.859136000
0.015621500
1657599975.874758400
0.015622400
1657599975.890378500
0.015620100
1657599975.906000500
0.015622000
1657599975.921622000
0.015621500
1657599975.937242600
0.015620600
1657599975.952864000
0.015621400
1657599975.968487800
0.015623800
1657599975.984106900
0.015619100
1657599975.999730900
0.015624000
1657599976.015349500
0.984381400
1657599976.030971600
0.015622100
1657599976.046592800
0.015621200
1657599976.062214100
0.015621300
1657599976.077834900
0.015620800
1657599976.093456900
0.015622000
1657599976.109077500
0.015620600
1657599976.124698900
0.015621400
1657599976.140320500
0.015621600
1657599976.155947900
0.015627400
1657599976.171563400
0.015615500
1657599976.187183800
0.015620400
1657599976.202806300
0.015622500
1657599976.218427000
0.015620700
1657599976.234049100
0.015622100
1657599976.249669700
0.015620600
1657599976.265291500
0.015621800
1657599976.280912700
0.015621200
1657599976.296533300
0.015620600
1657599976.312154800
0.015621500
1657599976.327776500
0.015621700
1657599976.343397200
0.015620700
1657599976.359021200
0.015624000
1657599976.374641000
0.015619800
1657599976.390262700
0.015621700
1657599976.405882800
0.015620100
1657599976.421506700
0.015623900
1657599976.437125200
0.015618500
1657599976.452747600
0.015622400
1657599976.468367700
0.015620100
1657599976.483989600
0.015621900
1657599976.499611500
0.015621900
1657599976.515233100
0.015621600
1657599976.530866900
0.015633800
1657599976.546474600
0.015607700
1657599976.562096200
0.015621600
1657599976.577716700
0.015620500
1657599976.593339000
0.015622300
1657599976.608960800
0.015621800
1657599976.624581100
0.015620300
1657599976.640203000
0.015621900
1657599976.655824300
0.015621300
1657599976.671447700
0.015623400
1657599976.687066800
0.015619100
1657599976.702689600
0.015622800
1657599976.718309000
0.015619400
1657599976.733934300
0.015625300
1657599976.749552000
0.015617700
1657599976.765173700
0.015621700
1657599976.780795700
0.015622000
1657599976.796415500
0.015619800
1657599976.812037100
0.015621600
1657599976.827659200
0.015622100
1657599976.843279900
0.015620700
1657599976.858901400
0.015621500
1657599976.874523500
0.015622100
1657599976.890143600
0.015620100
1657599976.905765800
0.015622200
1657599976.921386500
0.015620700
1657599976.937008200
0.015621700
1657599976.952632800
0.015624600
1657599976.968250100
0.015617300
1657599976.983871200
0.015621100
1657599976.999493300
0.015622100
1657599977.015114100
0.984379200
1657599977.030735800
0.015621700
1657599977.046356900
0.015621100
1657599977.061978500
0.015621600
1657599977.077601800
0.015623300
1657599977.093221000
0.015619200
1657599977.108846100
0.015625100
1657599977.124463400
0.015617300
1657599977.140084900
0.015621500
1657599977.155705900
0.015621000
1657599977.171327300
0.015621400
1657599977.186949100
0.015621800
1657599977.202570300
0.015621200
1657599977.218192300
0.015622000
1657599977.233815200
0.015622900
1657599977.249435000
0.015619800
1657599977.265056000
0.015621000
1657599977.280683000
0.015627000
1657599977.296298400
0.015615400
1657599977.311919300
0.015620900
1657599977.327543400
0.015624100
1657599977.343162500
0.015619100
1657599977.358784900
0.015622400
1657599977.374405500
0.015620600
1657599977.390027400
0.015621900
1657599977.405648400
0.015621000
1657599977.421268700
0.015620300
1657599977.436893300
0.015624600
1657599977.452512600
0.015619300
1657599977.468132800
0.015620200
1657599977.483753700
0.015620900
1657599977.499375700
0.015622000
1657599977.514996200
0.015620500
1657599977.530619600
0.015623400
1657599977.546241500
0.015621900
1657599977.561861700
0.015620200
1657599977.577481900
0.015620200
1657599977.593105900
0.015624000
1657599977.608725800
0.015619900
1657599977.624348200
0.015622400
1657599977.639968200
0.015620000
1657599977.655588700
0.015620500
1657599977.671209700
0.015621000
1657599977.686832200
0.015622500
1657599977.702453300
0.015621100
1657599977.718075100
0.015621800
1657599977.733698100
0.015623000
1657599977.749317200
0.015619100
1657599977.764940100
0.015622900
1657599977.780559400
0.015619300
1657599977.796181100
0.015621700
1657599977.811801800
0.015620700
1657599977.827425100
0.015623300
1657599977.843044600
0.015619500
1657599977.858667300
0.015622700
1657599977.874287200
0.015619900
1657599977.889908400
0.015621200
1657599977.905531100
0.015622700
1657599977.921151600
0.015620500
1657599977.936773300
0.015621700
1657599977.952393500
0.015620200
1657599977.968017800
0.015624300
1657599977.983642700
0.015624900
1657599977.999258500
0.015615800
1657599978.014880100
0.984378400
1657599978.030501600
0.015621500
1657599978.046122700
0.015621100
1657599978.061744000
0.015621300
1657599978.077366900
0.015622900
1657599978.092985500
0.015618600
1657599978.108606800
0.015621300
1657599978.124228400
0.015621600
1657599978.139849900
0.015621500
1657599978.155471800
0.015621900
1657599978.171092500
0.015620700
1657599978.186714300
0.015621800
1657599978.202339900
0.015625600
1657599978.217959100
0.015619200
1657599978.233578200
0.015619100
1657599978.249199300
0.015621100
1657599978.264821400
0.015622100
1657599978.280442300
0.015620900
1657599978.296065600
0.015623300
1657599978.311684100
0.015618500
1657599978.327307900
0.015623800
1657599978.342929000
0.015621100
1657599978.358548200
0.015619200
1657599978.374169900
0.015621700
1657599978.389792000
0.015622100
1657599978.405413900
0.015621900
1657599978.421033100
0.015619200
1657599978.436655100
0.015622000
1657599978.452276300
0.015621200
1657599978.467898200
0.015621900
1657599978.483519100
0.015620900
1657599978.499143400
0.015624300
1657599978.514762200
0.015618800
1657599978.530383100
0.015620900
1657599978.546004700
0.015621600
1657599978.561626100
0.015621400
1657599978.577247300
0.015621200
1657599978.592868400
0.015621100
1657599978.608497700
0.015629300
1657599978.624111400
0.015613700
1657599978.639734400
0.015623000
1657599978.655354500
0.015620100
1657599978.670974700
0.015620200
1657599978.686596900
0.015622200
1657599978.702218300
0.015621400
1657599978.717840900
0.015622600
1657599978.733460600
0.015619700
1657599978.749082000
0.015621400
1657599978.764703600
0.015621600
1657599978.780324400
0.015620800
1657599978.795946100
0.015621700
1657599978.811568900
0.015622800
1657599978.827188200
0.015619300
1657599978.842811500
0.015623300
1657599978.858430700
0.015619200
1657599978.874056100
0.015625400
1657599978.889677000
0.015620900
1657599978.905298800
0.015621800
1657599978.920916600
0.015617800
1657599978.936538000
0.015621400
1657599978.952159700
0.015621700
1657599978.967779800
0.015620100
1657599978.983403200
0.015623400
1657599978.999022500
0.015619300
1657599979.014644600
0.984377900
1657599979.030265100
0.015620500
1657599979.045886800
0.015621700
1657599979.061508100
0.015621300
1657599979.077130200
0.015622100
1657599979.092751400
0.015621200
1657599979.108372200
0.015620800
1657599979.123993000
0.015620800
1657599979.139615100
0.015622100
1657599979.155236100
0.015621000
1657599979.170858500
0.015622400
1657599979.186479000
0.015620500
1657599979.202100200
0.015621200
1657599979.217720800
0.015620600
1657599979.233345500
0.015624700
1657599979.248965800
0.015620300
1657599979.264585700
0.015619900
1657599979.280207900
0.015622200
1657599979.295827400
0.015619500
1657599979.311449900
0.015622500
1657599979.327070700
0.015620800
1657599979.342693200
0.015622500
1657599979.358314600
0.015621400
1657599979.373934500
0.015619900
1657599979.389556400
0.015621900
1657599979.405181100
0.015624700
1657599979.420799100
0.015618000
1657599979.436419700
0.015620600
1657599979.452041300
0.015621600
1657599979.467665300
0.015624000
1657599979.483284400
0.015619100
1657599979.498907200
0.015622800
1657599979.514526600
0.015619400
1657599979.530148100
0.015621500
1657599979.545768700
0.015620600
1657599979.561393200
0.015624500
1657599979.577012100
0.015618900
1657599979.592634500
0.015622400
1657599979.608254500
0.015620000
1657599979.623876000
0.015621500
1657599979.639497100
0.015621100
1657599979.655118300
0.015621200
1657599979.670741600
0.015623300
1657599979.686363400
0.015621800
1657599979.701982100
0.015618700
1657599979.717606000
0.015623900
1657599979.733225200
0.015619200
1657599979.748847000
0.015621800
1657599979.764468700
0.015621700
1657599979.780088900
0.015620200
1657599979.795711000
0.015622100
1657599979.811332800
0.015621800
1657599979.826955100
0.015622300
1657599979.842574600
0.015619500
1657599979.858197600
0.015623000
1657599979.873817300
0.015619700
1657599979.889438900
0.015621600
1657599979.905060300
0.015621400
1657599979.920681300
0.015621000
1657599979.936302400
0.015621100
1657599979.951924000
0.015621600
1657599979.967546000
0.015622000
1657599979.983166400
0.015620400
1657599979.998788000
0.015621600
1657599980.014409600
0.984378400
1657599980.030030300
0.015620700
1657599980.045651600
0.015621300
1657599980.061275700
0.015624100
1657599980.076897800
0.015622100
1657599980.092516200
0.015618400
1657599980.108137400
0.015621200
1657599980.123757900
0.015620500
1657599980.139379800
0.015621900
1657599980.155000300
0.015620500
1657599980.170622200
0.015621900
1657599980.186244200
0.015622000
1657599980.201865500
0.015621300
1657599980.217485800
0.015620300
1657599980.233112000
0.015626200
1657599980.248729500
0.015617500
1657599980.264350900
0.015621400
1657599980.279971800
0.015620900
1657599980.295592400
0.015620600
1657599980.311215000
0.015622600
1657599980.326836100
0.015621100
1657599980.342457400
0.015621300
1657599980.358081100
0.015623700
1657599980.373701400
0.015620300
1657599980.389320800
0.015619400
1657599980.404943200
0.015622400
1657599980.420563800
0.015620600
1657599980.436187300
0.015623500
1657599980.451806300
0.015619000
1657599980.467428200
0.015621900
1657599980.483048600
0.015620400
1657599980.498670400
0.015621800
1657599980.514291100
0.015620700
1657599980.529912800
0.015621700
1657599980.545534400
0.015621600
1657599980.561155400
0.015621000
1657599980.576779100
0.015623700
1657599980.592400600
0.015621500
1657599980.608021100
0.015620500
1657599980.623641700
0.015620600
1657599980.639263600
0.015621900
1657599980.654885300
0.015621700
1657599980.670504500
0.015619200
1657599980.686127400
0.015622900
1657599980.701747200
0.015619800
1657599980.717368600
0.015621400
1657599980.732989800
0.015621200
1657599980.748613200
0.015623400
1657599980.764232900
0.015619700
1657599980.779856000
0.015623100
1657599980.795476300
0.015620300
1657599980.811098600
0.015622300
1657599980.826718100
0.015619500
1657599980.842341400
0.015623300
1657599980.857963300
0.015621900
1657599980.873592200
0.015628900
1657599980.889207800
0.015615600
1657599980.904832100
0.015624300
1657599980.920450300
0.015618200
1657599980.936072200
0.015621900
1657599980.951690800
0.015618600
1657599980.967312500
0.015621700
1657599980.982934600
0.015622100
1657599980.998555000
0.015620400
1657599981.014180000
0.984375000
1657599981.029795300
0.015615300
1657599981.045416100
0.015620800
1657599981.061039300
0.015623200
1657599981.076659400
0.015620100
1657599981.092280200
0.015620800
1657599981.107902200
0.015622000
1657599981.123526000
0.015623800
1657599981.139145400
0.015619400
1657599981.154765500
0.015620100
1657599981.170387400
0.015621900
1657599981.186010800
0.015623400
1657599981.201630300
0.015619500
1657599981.217250600
0.015620300
1657599981.232873000
0.015622400
1657599981.248495800
0.015622800
1657599981.264114700
0.015618900
1657599981.279738000
0.015623300
1657599981.295357600
0.015619600
1657599981.310982800
0.015625200
1657599981.326604900
0.015622100
1657599981.342224500
0.015619600
1657599981.357845200
0.015620700
1657599981.373467000
0.015621800
1657599981.389085600
0.015618600
1657599981.404707400
0.015621800
1657599981.420329800
0.015622400
1657599981.435949300
0.015619500
1657599981.451570700
0.015621400
1657599981.467193600
0.015622900
1657599981.482813600
0.015620000
1657599981.498436700
0.015623100
1657599981.514055900
0.015619200
1657599981.529679000
0.015623100
1657599981.545299100
0.015620100
1657599981.560920000
0.015620900
1657599981.576544500
0.015624500
1657599981.592163500
0.015619000
1657599981.607784700
0.015621200
1657599981.623405400
0.015620700
1657599981.639027900
0.015622500
1657599981.654648300
0.015620400
1657599981.670269300
0.015621000
1657599981.685892100
0.015622800
1657599981.701515000
0.015622900
1657599981.717133800
0.015618800
1657599981.732754500
0.015620700
1657599981.748377500
0.015623000
1657599981.763998100
0.015620600
1657599981.779621300
0.015623200
1657599981.795242800
0.015621500
1657599981.810862000
0.015619200
1657599981.826483700
0.015621700
1657599981.842105900
0.015622200
1657599981.857725700
0.015619800
1657599981.873349300
0.015623600
1657599981.888971100
0.015621800
1657599981.904591700
0.015620600
1657599981.920211800
0.015620100
1657599981.935831800
0.015620000
1657599981.951454000
0.015622200
1657599981.967074100
0.015620100
1657599981.982695800
0.015621700
1657599981.998319200
0.015623400
1657599982.013938600
0.984380600
1657599982.029560400
0.015621800
1657599982.045182100
0.015621700
1657599982.060803800
0.015621700
1657599982.076424800
0.015621000
1657599982.092045800
0.015621000
1657599982.107666900
0.015621100
1657599982.123288800
0.015621900
1657599982.138910500
0.015621700
1657599982.154530200
0.015619700
1657599982.170153700
0.015623500
1657599982.185774200
0.015620500
1657599982.201396800
0.015622600
1657599982.217017100
0.015620300
1657599982.232637900
0.015620800
1657599982.248260100
0.015622200
1657599982.263879900
0.015619800
1657599982.279501100
0.015621200
1657599982.295122800
0.015621700
1657599982.310744500
0.015621700
1657599982.326366100
0.015621600
1657599982.341989700
0.015623600
1657599982.357608400
0.015618700
1657599982.373231100
0.015622700
1657599982.388850400
0.015619300
1657599982.404471800
0.015621400
1657599982.420093300
0.015621500
1657599982.435715400
0.015622100
1657599982.451335900
0.015620500
1657599982.466957700
0.015621800
1657599982.482580600
0.015622900
1657599982.498200200
0.015619600
1657599982.513824300
0.015624100
1657599982.529445400
0.015621100
1657599982.545067500
0.015622100
1657599982.560686500
0.015619000
1657599982.576306200
0.015619700
1657599982.591928400
0.015622200
1657599982.607551200
0.015622800
1657599982.623170300
0.015619100
1657599982.638791500
0.015621200
1657599982.654413000
0.015621500
1657599982.670034700
0.015621700
1657599982.685657200
0.015622500
1657599982.701277000
0.015619800
1657599982.716899400
0.015622400
1657599982.732522700
0.015623300
1657599982.748141200
0.015618500
1657599982.763763200
0.015622000
1657599982.779383500
0.015620300
1657599982.795007800
0.015624300
1657599982.810626900
0.015619100
1657599982.826247400
0.015620500
1657599982.841869800
0.015622400
1657599982.857491500
0.015621700
1657599982.873114200
0.015622700
1657599982.888734600
0.015620400
1657599982.904355300
0.015620700
1657599982.919976300
0.015621000
1657599982.935599800
0.015623500
1657599982.951219500
0.015619700
1657599982.966839700
0.015620200
1657599982.982461200
0.015621500
1657599982.998083100
0.015621900
1657599983.013704700
0.984378400
1657599983.029324400
0.015619700
1657599983.044949400
0.015625000
1657599983.060567500
0.015618100
1657599983.076191900
0.015624400
1657599983.091812100
0.015620200
1657599983.107431800
0.015619700
1657599983.123054100
0.015622300
1657599983.138674100
0.015620000
1657599983.154295700
0.015621600
1657599983.169917200
0.015621500
1657599983.185539100
0.015621900
1657599983.201161400
0.015622300
1657599983.216782300
0.015620900
1657599983.232402600
0.015620300
1657599983.248024000
0.015621400
1657599983.263644300
0.015620300
1657599983.279268500
0.015624200
1657599983.294887800
0.015619300
1657599983.310510800
0.015623000
1657599983.326133900
0.015623100
1657599983.341751400
0.015617500
1657599983.357374900
0.015623500
1657599983.372994400
0.015619500
1657599983.388619300
0.015624900
1657599983.404236400
0.015617100
1657599983.419858900
0.015622500
1657599983.435479500
0.015620600
1657599983.451100500
0.015621000
1657599983.466722800
0.015622300
1657599983.482345600
0.015622800
1657599983.497970300
0.015624700
1657599983.513586900
0.015616600
1657599983.529210200
0.015623300
1657599983.544829400
0.015619200
1657599983.560454600
0.015625200
1657599983.576073800
0.015619200
1657599983.591692500
0.015618700
1657599983.607313700
0.015621200
1657599983.622935400
0.015621700
1657599983.638556800
0.015621400
1657599983.654179400
0.015622600
1657599983.669799500
0.015620100
1657599983.685422400
0.015622900
1657599983.701041900
0.015619500
1657599983.716663900
0.015622000
1657599983.732285900
0.015622000
1657599983.747910500
0.015624600
1657599983.763528200
0.015617700
1657599983.779149700
0.015621500
1657599983.794769800
0.015620100
1657599983.810391800
0.015622000
1657599983.826013500
0.015621700
1657599983.841634200
0.015620700
1657599983.857256200
0.015622000
1657599983.872876400
0.015620200
1657599983.888498300
0.015621900
1657599983.904121100
0.015622800
1657599983.919740600
0.015619500
1657599983.935363800
0.015623200
1657599983.950983800
0.015620000
1657599983.966604700
0.015620900
1657599983.982228900
0.015624200
1657599983.997847700
0.015618800
1657599984.013468300
0.984379400
1657599984.029090800
0.015622500
1657599984.044711300
0.015620500
1657599984.060332200
0.015620900
1657599984.075953600
0.015621400
1657599984.091576100
0.015622500
1657599984.107196300
0.015620200
1657599984.122820700
0.015624400
1657599984.138439100
0.015618400
1657599984.154060800
0.015621700
1657599984.169682000
0.015621200
1657599984.185303300
0.015621300
1657599984.200928000
0.015624700
1657599984.216549800
0.015621800
1657599984.232167500
0.015617700
1657599984.247788900
0.015621400
1657599984.263409500
0.015620600
1657599984.279031800
0.015622300
1657599984.294652800
0.015621000
1657599984.310273800
0.015621000
1657599984.325895500
0.015621700
1657599984.341518200
0.015622700
1657599984.357137900
0.015619700
1657599984.372760200
0.015622300
1657599984.388382400
0.015622200
1657599984.404003000
0.015620600
1657599984.419622600
0.015619600
1657599984.435244000
0.015621400
1657599984.450865600
0.015621600
1657599984.466487900
0.015622300
1657599984.482109500
0.015621600
1657599984.497729800
0.015620300
1657599984.513352200
0.015622400
1657599984.528974100
0.015621900
1657599984.544593300
0.015619200
1657599984.560217800
0.015624500
1657599984.575837200
0.015619400
1657599984.591457600
0.015620400
1657599984.607079500
0.015621900
1657599984.622702800
0.015623300
1657599984.638321200
0.015618400
1657599984.653942400
0.015621200
1657599984.669566600
0.015624200
1657599984.685186500
0.015619900
1657599984.700808500
0.015622000
1657599984.716428700
0.015620200
1657599984.732050600
0.015621900
1657599984.747670700
0.015620100
1657599984.763292100
0.015621400
1657599984.778913600
0.015621500
1657599984.794537000
0.015623400
1657599984.810156300
0.015619300
1657599984.825780900
0.015624600
1657599984.841398700
0.015617800
1657599984.857020400
0.015621700
1657599984.872642600
0.015622200
1657599984.888262900
0.015620300
1657599984.903884100
0.015621200
1657599984.919506700
0.015622600
1657599984.935126600
0.015619900
1657599984.950750000
0.015623400
1657599984.966371500
0.015621500
1657599984.981992300
0.015620800
1657599984.997616300
0.015624000
1657599985.013234500
0.984381800
1657599985.028854500
0.015620000
1657599985.044477900
0.015623400
1657599985.060097800
0.015619900
1657599985.075719000
0.015621200
1657599985.091340100
0.015621100
1657599985.106961900
0.015621800
1657599985.122583100
0.015621200
1657599985.138204100
0.015621000
1657599985.153826200
0.015622100
1657599985.169447400
0.015621200
1657599985.185069000
0.015621600
1657599985.200689300
0.015620300
1657599985.216311100
0.015621800
1657599985.231931900
0.015620800
1657599985.247554200
0.015622300
1657599985.263175500
0.015621300
1657599985.278797700
0.015622200
1657599985.294418100
0.015620400
1657599985.310039700
0.015621600
1657599985.325660400
0.015620700
1657599985.341283600
0.015623200
1657599985.356902800
0.015619200
1657599985.372524000
0.015621200
1657599985.388147400
0.015623400
1657599985.403766900
0.015619500
1657599985.419388000
0.015621100
1657599985.435013700
0.015625700
1657599985.450632500
0.015618800
1657599985.466253100
0.015620600
1657599985.481874900
0.015621800
1657599985.497496700
0.015621800
1657599985.513117700
0.015621000
1657599985.528737500
0.015619800
1657599985.544362000
0.015624500
1657599985.559982200
0.015620200
1657599985.575601100
0.015618900
1657599985.591222300
0.015621200
1657599985.606845700
0.015623400
1657599985.622465500
0.015619800
1657599985.638086400
0.015620900
1657599985.653708700
0.015622300
1657599985.669332000
0.015623300
1657599985.684950100
0.015618100
1657599985.700573000
0.015622900
1657599985.716194400
0.015621400
1657599985.731814800
0.015620400
1657599985.747436300
0.015621500
1657599985.763059800
0.015623500
1657599985.778678600
0.015618800
1657599985.794300000
0.015621400
1657599985.809921600
0.015621600
1657599985.825542600
0.015621000
1657599985.841163900
0.015621300
1657599985.856784900
0.015621000
1657599985.872407100
0.015622200
1657599985.888029300
0.015622200
1657599985.903650000
0.015620700
1657599985.919271000
0.015621000
1657599985.934892900
0.015621900
1657599985.950513300
0.015620400
1657599985.966134100
0.015620800
1657599985.981761900
0.015627800
1657599985.997377000
0.015615100
1657599986.012999400
0.984377600
1657599986.028620600
0.015621200
1657599986.044241900
0.015621300
1657599986.059862400
0.015620500
1657599986.075484900
0.015622500
1657599986.091116700
0.015631800
1657599986.106729500
0.015612800
1657599986.122347300
0.015617800
1657599986.137970200
0.015622900
1657599986.153590100
0.015619900
1657599986.169212300
0.015622200
1657599986.184833400
0.015621100
1657599986.200456900
0.015623500
1657599986.216075200
0.015618300
1657599986.231699700
0.015624500
1657599986.247318400
0.015618700
1657599986.262939400
0.015621000
1657599986.278561500
0.015622100
1657599986.294182100
0.015620600
1657599986.309803300
0.015621200
1657599986.325424900
0.015621600
1657599986.341046400
0.015621500
1657599986.356668700
0.015622300
1657599986.372289600
0.015620900
1657599986.387910400
0.015620800
1657599986.403532000
0.015621600
1657599986.419153400
0.015621400
1657599986.434775600
0.015622200
1657599986.450395700
0.015620100
1657599986.466017600
0.015621900
1657599986.481638900
0.015621300
1657599986.497260300
0.015621400
1657599986.512882400
0.015622100
1657599986.528501800
0.015619400
1657599986.544126500
0.015624700
1657599986.559747600
0.015621100
1657599986.575366300
0.015618700
1657599986.590986900
0.015620600
1657599986.606608800
0.015621900
1657599986.622231500
0.015622700
1657599986.637853700
0.015622200
1657599986.653472800
0.015619100
1657599986.669094400
0.015621600
1657599986.684716200
0.015621800
1657599986.700336400
0.015620200
1657599986.715958500
0.015622100
1657599986.731579700
0.015621200
1657599986.747201000
0.015621300
1657599986.762821800
0.015620800
1657599986.778443800
0.015622000
1657599986.794065300
0.015621500
1657599986.809685600
0.015620300
1657599986.825309700
0.015624100
1657599986.840929300
0.015619600
1657599986.856549700
0.015620400
1657599986.872171500
0.015621800
1657599986.887793000
0.015621500
1657599986.903415800
0.015622800
1657599986.919036100
0.015620300
1657599986.934657900
0.015621800
1657599986.950278900
0.015621000
1657599986.965899300
0.015620400
1657599986.981521100
0.015621800
1657599986.997145400
0.015624300
1657599987.012763800
0.984381600
1657599987.028384800
0.015621000
1657600048.432784200
1657600048.432784200
1657600048.448363200
0.015579000
1657600048.463986400
0.015623200
1657600048.479607000
0.015620600
1657600048.495226900
0.015619900
1657600048.510853400
0.015626500
1657600048.526471100
0.015617700
1657600048.542095300
0.015624200
1657600048.557712900
0.015617600
1657600048.573337300
0.015624400
1657600048.588957200
0.015619900
1657600048.604579800
0.015622600
1657600048.620199000
0.015619200
1657600048.635823100
0.015624100
1657600048.651442200
0.015619100
1657600048.667062000
0.015619800
1657600048.682683100
0.015621100
1657600048.698306000
0.015622900
1657600048.713926000
0.015620000
1657600048.729549300
0.015623300
1657600048.745168400
0.015619100
1657600048.760789800
0.015621400
1657600048.776411200
0.015621400
1657600048.792035100
0.015623900
1657600048.807653600
0.015618500
1657600048.823293100
0.015639500
1657600048.838896400
0.015603300
1657600048.854517900
0.015621500
1657600048.870139100
0.015621200
1657600048.885762200
0.015623100
1657600048.901383100
0.015620900
1657600048.917009000
0.015625900
1657600048.932624300
0.015615300
1657600048.948245500
0.015621200
1657600048.963869200
0.015623700
1657600048.979488600
0.015619400
1657600048.995109400
0.015620800
1657600049.010731200
0.984378200
1657600049.026353200
0.015622000
1657600049.041974600
0.015621400
1657600049.057596800
0.015622200
1657600049.088838900
0.031242100
1657600049.104460100
0.015621200
1657600049.120083700
0.015623600
1657600049.135703200
0.015619500
1657600049.151325100
0.015621900
1657600049.166944500
0.015619400
1657600049.182567100
0.015622600
1657600049.198189900
0.015622800
1657600049.213809800
0.015619900
1657600049.229430300
0.015620500
1657600049.245051500
0.015621200
1657600049.260673300
0.015621800
1657600049.276295700
0.015622400
1657600049.291916000
0.015620300
1657600049.307537500
0.015621500
1657600049.323158600
0.015621100
1657600049.338779100
0.015620500
1657600049.354402300
0.015623200
1657600049.370022100
0.015619800
1657600049.385643000
0.015620900
1657600049.401265600
0.015622600
1657600049.416885900
0.015620300
1657600049.432508100
0.015622200
1657600049.448131000
0.015622900
1657600049.463750500
0.015619500
1657600049.479373700
0.015623200
1657600049.494992900
0.015619200
1657600049.510616200
0.015623300
1657600049.526235000
0.015618800
1657600049.541856900
0.015621900
1657600049.557480900
0.015624000
1657600049.573099300
0.015618400
1657600049.588721100
0.015621800
1657600049.604342400
0.015621300
1657600049.619963100
0.015620700
1657600049.635585100
0.015622000
1657600049.651205500
0.015620400
1657600049.666827000
0.015621500
1657600049.682450800
0.015623800
1657600049.698069500
0.015618700
1657600049.713690700
0.015621200
1657600049.729319000
0.015628300
1657600049.744934400
0.015615400
1657600049.760554900
0.015620500
1657600049.776177000
0.015622100
1657600049.791797500
0.015620500
1657600049.807424900
0.015627400
1657600049.823040700
0.015615800
1657600049.838663200
0.015622500
1657600049.854282900
0.015619700
1657600049.869905300
0.015622400
1657600049.885525800
0.015620500
1657600049.901148400
0.015622600
1657600049.916769800
0.015621400
1657600049.932389100
0.015619300
1657600049.948010600
0.015621500
1657600049.963632600
0.015622000
1657600049.979254600
0.015622000
1657600049.994877500
0.015622900
1657600050.010495900
0.984381600
1657600050.026118200
0.015622300
1657600050.041739600
0.015621400
1657600050.057361100
0.015621500
1657600050.072982800
0.015621700
1657600050.088603800
0.015621000
1657600050.104224400
0.015620600
1657600050.119845100
0.015620700
1657600050.135466500
0.015621400
1657600050.151088100
0.015621600
1657600050.166710900
0.015622800
1657600050.182333200
0.015622300
1657600050.197952600
0.015619400
1657600050.213573700
0.015621100
1657600050.229196900
0.015623200
1657600050.244817000
0.015620100
1657600050.260439500
0.015622500
1657600050.276058800
0.015619300
1657600050.291680000
0.015621200
1657600050.307301100
0.015621100
1657600050.322923300
0.015622200
1657600050.338546800
0.015623500
1657600050.354166500
0.015619700
1657600050.369787500
0.015621000
1657600050.385408000
0.015620500
1657600050.401029300
0.015621300
1657600050.416650700
0.015621400
1657600050.432272400
0.015621700
1657600050.447893200
0.015620800
1657600050.463514400
0.015621200
1657600050.479137400
0.015623000
1657600050.494757000
0.015619600
1657600050.510379700
0.015622700
1657600050.526000200
0.015620500
1657600050.541621500
0.015621300
1657600050.557244900
0.015623400
1657600050.572864800
0.015619900
1657600050.588486500
0.015621700
1657600050.604108200
0.015621700
1657600050.619728900
0.015620700
1657600050.635349500
0.015620600
1657600050.650970300
0.015620800
1657600050.666593900
0.015623600
1657600050.682213200
0.015619300
1657600050.697834700
0.015621500
1657600050.713455500
0.015620800
1657600050.729078400
0.015622900
1657600050.744698100
0.015619700
1657600050.760319900
0.015621800
1657600050.775941200
0.015621300
1657600050.791563000
0.015621800
1657600050.807184600
0.015621600
1657600050.822804800
0.015620200
1657600050.838428800
0.015624000
1657600050.854047900
0.015619100
1657600050.869668800
0.015620900
1657600050.885290200
0.015621400
1657600050.900912600
0.015622400
1657600050.916536100
0.015623500
1657600050.932156000
0.015619900
1657600050.947776300
0.015620300
1657600050.963397600
0.015621300
1657600050.979019600
0.015622000
1657600050.994640600
0.015621000
1657600051.010261700
0.984378900
1657600051.025882800
0.015621100
1657600051.041504300
0.015621500
1657600051.057126600
0.015622300
1657600051.072747000
0.015620400
1657600051.088368800
0.015621800
1657600051.103988800
0.015620000
1657600051.119610800
0.015622000
1657600051.135231900
0.015621100
1657600051.150852500
0.015620600
1657600051.166475000
0.015622500
1657600051.182097700
0.015622700
1657600051.197716400
0.015618700
1657600051.213339200
0.015622800
1657600051.228959200
0.015620000
1657600051.244581000
0.015621800
1657600051.260202000
0.015621000
1657600051.275824500
0.015622500
1657600051.291445300
0.015620800
1657600051.307066900
0.015621600
1657600051.322687900
0.015621000
1657600051.338309900
0.015622000
1657600051.353931000
0.015621100
1657600051.369552200
0.015621200
1657600051.385173200
0.015621000
1657600051.400793800
0.015620600
1657600051.416416900
0.015623100
1657600051.432037600
0.015620700
1657600051.447658600
0.015621000
1657600051.463282000
0.015623400
1657600051.478902200
0.015620200
1657600051.494522900
0.015620700
1657600051.510145200
0.015622300
1657600051.525764600
0.015619400
1657600051.541386500
0.015621900
1657600051.557008900
0.015622400
1657600051.572628800
0.015619900
1657600051.588250800
0.015622000
1657600051.603873100
0.015622300
1657600051.619494100
0.015621000
1657600051.635114000
0.015619900
1657600051.650735500
0.015621500
1657600051.666358100
0.015622600
1657600051.681978800
0.015620700
1657600051.697601400
0.015622600
1657600051.713221900
0.015620500
1657600051.728843300
0.015621400
1657600051.744464400
0.015621100
1657600051.760085600
0.015621200
1657600051.775707100
0.015621500
1657600051.791327100
0.015620000
1657600051.806949300
0.015622200
1657600051.822570800
0.015621500
1657600051.838192400
0.015621600
1657600051.853813000
0.015620600
1657600051.869433700
0.015620700
1657600051.885055500
0.015621800
1657600051.900676900
0.015621400
1657600051.916298000
0.015621100
1657600051.931919400
0.015621400
1657600051.947540500
0.015621100
1657600051.963162000
0.015621500
1657600051.978782800
0.015620800
1657600051.994404300
0.015621500
1657600052.010025700
0.984378600
1657600052.025649500
0.015623800
1657600052.041270500
0.015621000
1657600052.056890700
0.015620200
1657600052.072510800
0.015620100
1657600052.088133800
0.015623000
1657600052.103753300
0.015619500
1657600052.119376400
0.015623100
1657600052.134997400
0.015621000
1657600052.150629300
0.015631900
1657600052.166238700
0.015609400
1657600052.181861200
0.015622500
1657600052.197481700
0.015620500
1657600052.213103200
0.015621500
1657600052.228726400
0.015623200
1657600052.244346200
0.015619800
1657600052.259969000
0.015622800
1657600052.275588100
0.015619100
1657600052.291210500
0.015622400
1657600052.306832700
0.015622200
1657600052.322453500
0.015620800
1657600052.338073900
0.015620400
1657600052.353697700
0.015623800
1657600052.369317300
0.015619600
1657600052.384938700
0.015621400
1657600052.400558900
0.015620200
1657600052.416180500
0.015621600
1657600052.431801400
0.015620900
1657600052.447423700
0.015622300
1657600052.463044800
0.015621100
1657600052.478666500
0.015621700
1657600052.494286500
0.015620000
1657600052.509908900
0.015622400
1657600052.525532100
0.015623200
1657600052.541151500
0.015619400
1657600052.556772900
0.015621400
1657600052.572394300
0.015621400
1657600052.588015200
0.015620900
1657600052.603640000
0.015624800
1657600052.619258800
0.015618800
1657600052.650507900
0.031249100
1657600052.666125000
0.015617100
1657600052.697419100
0.031294100
1657600052.713026700
0.015607600
1657600052.744230600
0.031203900
1657600052.759848900
0.015618300
1657600052.775480000
0.015631100
1657600052.791094200
0.015614200
1657600052.806713800
0.015619600
1657600052.822334600
0.015620800
1657600052.837957700
0.015623100
1657600052.853577400
0.015619700
1657600052.869201900
0.015624500
1657600052.884820300
0.015618400
1657600052.900443000
0.015622700
1657600052.916063300
0.015620300
1657600052.931685200
0.015621900
1657600052.947305400
0.015620200
1657600052.962927200
0.015621800
1657600052.978547800
0.015620600
1657600052.994169400
0.015621600
1657600053.009791400
0.984378000
1657600053.025412500
0.015621100
1657600053.041034300
0.015621800
1657600053.056656300
0.015622000
1657600053.072276200
0.015619900
1657600053.087900200
0.015624000
1657600053.103520800
0.015620600
1657600053.119139600
0.015618800
1657600053.134762500
0.015622900
1657600053.150382500
0.015620000
1657600053.166004600
0.015622100
1657600053.181627000
0.015622400
1657600053.197249200
0.015622200
1657600053.212867900
0.015618700
1657600053.228490700
0.015622800
1657600053.244111100
0.015620400
1657600053.259732200
0.015621100
1657600053.275353900
0.015621700
1657600053.290975600
0.015621700
1657600053.306595700
0.015620100
1657600053.322217900
0.015622200
1657600053.337839200
0.015621300
1657600053.353460800
0.015621600
1657600053.369081300
0.015620500
1657600053.384704600
0.015623300
1657600053.400324600
0.015620000
1657600053.415945200
0.015620600
1657600053.431569300
0.015624100
1657600053.447188800
0.015619500
1657600053.462809200
0.015620400
1657600053.478430600
0.015621400
1657600053.494051800
0.015621200
1657600053.509673300
0.015621500
1657600053.525296100
0.015622800
1657600053.540917800
0.015621700
1657600053.556538900
0.015621100
1657600053.572159400
0.015620500
1657600053.587781400
0.015622000
1657600053.603401300
0.015619900
1657600053.619023700
0.015622400
1657600053.634646700
0.015623000
1657600053.650266600
0.015619900
1657600053.665886600
0.015620000
1657600053.681512400
0.015625800
1657600053.697132400
0.015620000
1657600053.712756700
0.015624300
1657600053.728371700
0.015615000
1657600053.743993900
0.015622200
1657600053.759617300
0.015623400
1657600053.775238200
0.015620900
1657600053.790857800
0.015619600
1657600053.806478400
0.015620600
1657600053.822102100
0.015623700
1657602526.871381700 
1657602526.871381700
1657602526.886996600 
0.015614900
1657602526.902620400 
0.015623800
1657602526.918239400 
0.015619000
1657602526.933861800 
0.015622400
1657602526.949481800 
0.015620000
1657602526.965104700 
0.015622900
1657602526.980723100 
0.015618400
1657602526.996344800 
0.015621700
1657602527.011966800 
0.984378000
1657602527.027589100 
0.015622300
1657602527.043209100 
0.015620000
1657602527.058831500 
0.015622400
1657602527.074450800 
0.015619300
1657602527.090072400 
0.015621600
1657602527.105693300 
0.015620900
1657602527.121321000 
0.015627700
1657602527.136937100 
0.015616100
1657602527.152559300 
0.015622200
1657602527.168179400 
0.015620100
1657602527.183799700 
0.015620300
1657602527.199421000 
0.015621300
1657602527.215043700 
0.015622700
1657602527.230663700 
0.015620000
1657602527.246287100 
0.015623400
1657602527.277528400 
0.031241300
1657602527.308777500 
0.031249100
1657602527.324392300 
0.015614800
1657602527.340013600 
0.015621300
1657602527.355636500 
0.015622900
1657602527.371256300 
0.015619800
1657602527.386879300 
0.015623000
1657602527.402498500 
0.015619200
1657602527.418122500 
0.015624000
1657602527.433743100 
0.015620600
1657602527.449367800 
0.015624700
1657602527.464985800 
0.015618000
1657602527.480605100 
0.015619300
1657602527.496228500 
0.015623400
1657602527.511849900 
0.015621400
1657602527.527468900 
0.015619000
1657602527.543091800 
0.015622900
1657602527.558713000 
0.015621200
1657602527.574335100 
0.015622100
1657602527.589954400 
0.015619300
1657602527.605575400 
0.015621000
1657602527.621199400 
0.015624000
1657602527.636818000 
0.015618600
1657602527.652441800 
0.015623800
1657602527.668061700 
0.015619900
1657602527.683682100 
0.015620400
1657602527.699303600 
0.015621500
1657602527.714939300 
0.015635700
1657602527.730548100 
0.015608800
1657602527.746170000 
0.015621900
1657602527.761790100 
0.015620100
1657602527.777410300 
0.015620200
1657602527.793031800 
0.015621500
1657602527.808654100 
0.015622300
1657602527.824273900 
0.015619800
1657602527.839896100 
0.015622200
1657602527.855518100 
0.015622000
1657602527.871137600 
0.015619500
1657602527.886760300 
0.015622700
1657602527.902380700 
0.015620400
1657602527.918002300 
0.015621600
1657602527.933624600 
0.015622300
1657602527.949244000 
0.015619400
1657602527.964866500 
0.015622500
1657602527.980502800 
0.015636300
1657602527.996107900 
0.015605100
1657602528.011730400 
0.984377500
1657602528.027351000 
0.015620600
1657602528.042972600 
0.015621600
1657602528.058593900 
0.015621300
1657602528.074214700 
0.015620800
1657602528.089836200 
0.015621500
1657602528.105457300 
0.015621100
1657602528.121078800 
0.015621500